-97.2173996 15.3584003
-97.6913986 15.5080004
-98.1657028 15.6399002
-98.5877991 15.7714996
-99.0280991 15.9190998
-99.4347 16.1340008
-99.8059998 16.2980003
-100.335999 16.4424
-100.866997 16.6362991
-101.703003 17.0256004
-102.431999 17.2798996
-103.199997 17.6154995
-103.792 17.9200001
-104.191002 18.1382999
-104.405998 18.2089996
-104.724998 18.3684006
-105.042999 18.6215992
-105.247002 18.7618999
-104.127493604	20.2200895053
-103.924495991	20.0798155621
-103.608287919	19.826665129
-103.290402551	19.6672943737
-103.075897456	19.5966080689
-102.678397815	19.3783495555
-102.08845677	19.0739063609
-101.322686275	18.7383694854
-100.595346962	18.4841178752
-99.7927258733	18.1158087386
-99.2629097326	17.9219436823
-98.7337810254	17.7775692868
-98.3634599188	17.6135984764
-97.958125522	17.3987349917
-97.5186849574	17.2511605073
-97.0973477884	17.1195840004
-96.6237977252	16.9877071133
-96.1506459407	16.8381329621
-97.2173996 15.3584003
